VALUES
10
1738000
1
1
1.53316092495399e-10
6.1740708600294e-12
4.87501605828532e-11
2.35827614881048e-12
2.65647770198585e-12
4.08180871240258e-12
8.66486300850153e-12
6.6710861924943e-13
7.71830646627347e-13
1.04529615878545e-12
1.95324221899612e-12
4.99044698785113e-12
2.80809496912637e-13
3.01837624524729e-13
3.89736761354428e-13
8.6473517297309e-13
3.51609006697943e-12
6.36218664077178e-12
1.50309078006078e-13
1.73873736040402e-13
1.98432456926863e-13
4.45802589924158e-13
1.44927296891655e-12
1.88267953709934e-12
3.7751861184497e-12
1.23834304338216e-13
1.34661497245943e-13
1.51320248301042e-13
3.60522565418638e-13
1.14414324546315e-12
1.17093692582973e-12
2.28929234795084e-12
4.4908781231029e-12
9.77682668057509e-14
1.01173558336062e-13
1.2310103743208e-13
2.51005921021223e-13
5.78138681410633e-13
5.4067154828802e-13
1.4351300090339e-12
1.84095289444745e-12
3.24449213511381e-12
8.98425055566462e-14
1.093056445642e-13
1.26266995733634e-13
2.5664860570975e-13
5.2939155809677e-13
4.48835713929532e-13
1.12395766139451e-12
1.30226461519599e-12
1.66055120594496e-12
3.43952208208545e-12
7.67016148563276e-14
8.18446222973154e-14
8.47918701149942e-14
1.74107662689515e-13
3.05533517945549e-13
2.70580296882401e-13
8.24120290616775e-13
7.76331884926898e-13
1.19541028142122e-12
1.76456787616324e-12
2.8670446044582e-12
7.17583892422197e-12
9.27325450192511e-12
2.67050819574347e-12
4.14806404239296e-12
8.38283932747938e-12
7.19214691092654e-13
1.02198841515805e-12
1.87527240920889e-12
4.76473158897842e-12
2.83570204100496e-13
3.86404367107368e-13
8.30540011665983e-13
3.48311472475783e-12
6.40176776080503e-12
1.53044295758981e-13
1.84617457473821e-13
4.2118393548069e-13
1.39117020706137e-12
1.8773240188899e-12
3.26293906982267e-12
1.54736072901519e-13
1.79347520085075e-13
3.49646457296576e-13
1.11885080188917e-12
1.19434414391579e-12
2.3276585529192e-12
4.60712378278724e-12
1.42249714978524e-13
1.12088117880214e-13
2.67805597344147e-13
5.61531027880595e-13
5.38339338182335e-13
1.2714131257199e-12
1.86129086823113e-12
2.95549449266838e-12
9.3369107459318e-14
9.63814304163511e-14
2.38454857912577e-13
5.22157163584246e-13
4.54788295081487e-13
1.15213431500648e-12
1.31629663711872e-12
1.67168279667847e-12
3.46407704422816e-12
7.07014136044203e-14
8.09482870133247e-14
1.71723108012016e-13
2.94272172624592e-13
2.7546075293626e-13
7.64015609891297e-13
7.86213017591539e-13
1.09478061869539e-12
1.76999441889312e-12
2.93495141590516e-12
