P
1.286965277159e-09
-2.07832599817432e-09
6.89142782474772e-11
-2.03131742356042e-12
-2.7204465903267e-10
-9.99722297778256e-11
-2.27952327467838e-12
5.33714425889129e-13
-2.90612230084729e-09
3.16057837578306e-10
1.5131273536416e-11
-1.67930773650226e-13
2.49720590526322e-13
-1.45729158401925e-09
-1.58376161502751e-10
1.67338128407646e-12
-4.59345337232736e-14
-8.51619505707988e-14
8.19753197112553e-14
3.2660346701097e-09
-2.16625058235377e-09
-5.00891970857076e-11
-2.06109545020959e-12
-4.23446417151157e-13
-4.59429402848438e-14
2.01649482133264e-14
6.60860494347758e-11
-8.00632256572307e-13
-3.35541595973361e-11
-1.08443150890301e-11
-9.42261709642815e-13
-3.21292326351587e-10
2.36599326306763e-11
6.12930615291033e-13
-1.9175980271869e-13
1.86004822651632e-10
6.90260422877235e-11
1.66232141474644e-12
5.09260802509731e-14
-1.95416243146412e-15
-1.35700797662802e-09
-1.36296388077385e-10
-3.65852222134507e-12
1.24099400249355e-13
3.68272529467721e-15
1.18225128095868e-14
-2.07832599817432e-09
1.99408750536207e-08
1.71084214473144e-10
1.75096334162289e-11
5.84329980193494e-09
1.8485146407429e-10
-9.47699118382686e-12
-4.77630760320242e-12
-6.10878839104845e-08
-3.8386403596807e-10
-2.18971592810139e-11
-5.73559148739347e-12
-1.88748546668071e-12
-3.59996441753448e-08
-1.26326430657476e-09
-3.30370967645859e-11
1.00266208412672e-11
3.8083534126661e-13
-4.21156380247288e-13
-6.73124221153704e-08
1.59895593308364e-09
-2.17534723343091e-10
7.27149971889697e-12
2.31664975415721e-12
3.08792043477284e-13
-6.02422421248954e-14
-1.9765678959315e-10
4.65166445339719e-11
-9.35210547538293e-12
7.72308544927548e-11
5.10935315417334e-12
4.98620299089639e-10
-8.76292236903498e-11
-1.10858649752419e-12
4.92449447704167e-14
4.50515979238134e-10
-2.04081647764501e-10
7.15477522048782e-13
-1.42026690151389e-12
-2.55537447708846e-13
-2.72489615690484e-09
-6.32059839588886e-10
-4.17208530396555e-11
5.64613447091701e-13
-3.08758674765685e-13
-1.09056046507741e-13
6.89142782474773e-11
1.71084214473143e-10
6.43106114644871e-09
3.79788985957583e-12
-1.57066397417289e-10
1.27522078162187e-09
1.52002221917806e-11
1.30033247644253e-12
-7.31125347843978e-10
-9.28341814375625e-09
2.35497902016564e-11
9.88891924629487e-12
-2.79449025527827e-13
2.13077833254709e-09
-4.02991127812803e-09
-1.6683990885843e-10
-2.59218308455391e-12
1.53361994242248e-12
-3.10337238500547e-13
-1.72907812391203e-08
-5.1044390661515e-09
3.06880294750931e-10
-2.0662818010897e-11
-1.42257463748925e-12
1.77267450890784e-13
-1.06310702434069e-13
3.4428573638058e-11
4.7363977877884e-11
7.89919867252577e-11
-4.07223883144195e-11
-2.48259906361359e-12
-8.1135079849688e-10
4.13438770719812e-11
5.61515002292557e-12
1.1926028455478e-12
-8.40696971541579e-10
2.20772726277826e-11
1.86603895504981e-11
5.31413983740505e-13
2.54556856605692e-13
-8.62424864263485e-09
-6.25242239468433e-10
1.33329614072688e-11
4.36098806045886e-13
2.65426009983216e-13
5.13785114306733e-16
-2.03131742356048e-12
1.75096334162333e-11
3.797889859576e-12
1.83026760688859e-09
-3.0722576367032e-11
-4.00426775803262e-11
1.85062322727487e-10
8.96659906812653e-12
-1.8919697859323e-11
1.88644084122264e-10
-6.92524555817388e-10
-1.59212477266335e-13
1.35868610149897e-12
2.46870897791443e-10
-5.16039950676766e-12
-2.20479966045805e-10
3.76434659278649e-12
-1.5634555189224e-12
4.69711771116539e-13
-1.60581513004109e-09
-1.14168811489515e-09
-3.13270720570891e-10
2.0304960519099e-11
-4.57366289691721e-13
-3.51953709341115e-13
1.03134418356268e-13
-3.86886008088744e-11
-2.11539558206715e-12
4.23829955243279e-11
-1.24170379974242e-12
-1.35908052133035e-11
1.27190142389241e-10
-7.64010538481288e-11
1.07903779324125e-11
-1.20447934461236e-12
-1.06491767437464e-10
-2.41637154363745e-11
1.59129640083137e-11
-7.86684583403735e-13
2.64629418912377e-14
2.02152969960128e-10
3.35528631558324e-11
9.99011474996729e-12
2.75917861085313e-14
-2.34450139076142e-14
7.34756405718536e-14
-2.72044659032669e-10
5.84329980193493e-09
-1.57066397417284e-10
-3.07225763670309e-11
1.20596071491048e-07
4.81731466057324e-10
-9.15083785475417e-11
-1.15674626013559e-11
3.24285821606434e-08
1.06075373527699e-10
-2.71651528643933e-11
-2.46058886250346e-11
3.68173468328327e-13
-5.7224939672123e-07
-1.06422518779299e-09
5.22361276223956e-11
3.57796471055676e-11
-1.1340752788567e-12
9.78468389663742e-13
-3.95587319169396e-07
-5.46455207074297e-09
2.65681574743409e-10
1.45556851463288e-10
3.38719773757964e-12
-1.14660704161222e-13
3.40091143153695e-13
2.88023761011218e-10
8.36859224921616e-11
-3.14916113171647e-10
6.50863173911636e-12
-9.99767050346571e-12
-1.3027927793953e-09
-4.38553924227291e-11
-2.8688402507235e-11
-4.8005869586092e-12
-9.66743121360082e-10
-1.16217611351709e-09
-9.64527702486921e-12
-3.3886372205716e-12
-1.01058668512782e-12
1.07579388809529e-08
-9.92828984379789e-10
2.64129339283116e-10
8.30260840759253e-12
-7.15732566222068e-13
-5.86633988469746e-14
-9.99722297778257e-11
1.84851464074287e-10
1.27522078162187e-09
-4.00426775803276e-11
4.81731466057333e-10
2.3337155999405e-08
5.28148698169978e-11
-3.23739053285478e-12
-1.35763807205762e-09
5.51550641122097e-09
2.47700731796726e-11
1.01201628247974e-12
-2.76917639004139e-12
-5.68535419255405e-09
-5.24920494352612e-08
2.33771186688967e-10
1.21546154230962e-11
-7.88816139704669e-13
-5.51162361751303e-13
2.8314753219904e-08
-2.61926980475503e-08
-7.13148199545816e-10
-3.26315376891204e-11
1.4390829672815e-12
2.97110609219123e-13
-6.30329906190571e-14
9.14265923936109e-11
-2.90474011585951e-11
-8.60074417658323e-12
2.48392144104191e-11
1.37463469177045e-11
-3.40980388434658e-10
-1.40810871927876e-10
9.59337223975052e-12
5.63001457970147e-13
-6.72548680717401e-09
-2.0083736834738e-10
2.09573569150318e-11
-8.99233764447425e-13
-4.4765430840476e-13
-4.13072365082992e-09
6.90805897419496e-10
6.4012941333074e-11
-3.69660449394133e-12
-4.60478761230222e-13
-1.62061532890078e-13
-2.27952327467834e-12
-9.4769911838286e-12
1.52002221917806e-11
1.85062322727487e-10
-9.15083785475414e-11
5.28148698169972e-11
2.59381844690886e-09
-3.26308602308154e-12
1.24629960816496e-10
-2.12403361880854e-10
4.72110378517619e-10
1.61039133713798e-11
-1.04192441711926e-12
4.16850436518334e-10
1.88530295404747e-10
-2.36792497869299e-09
7.05014091036802e-12
2.41375390427612e-12
-2.69570993173102e-13
-1.11170630599996e-09
1.1480578658495e-09
-8.92210039757094e-10
-4.76231981209158e-11
2.44027291841658e-12
4.80939033493747e-13
-8.69422128304252e-14
5.13821746135103e-11
7.55712370607623e-12
-3.04287960084521e-11
1.70634981725385e-12
1.13243706317625e-11
-1.55382866879893e-10
-2.50179424002147e-11
-9.36569699284015e-12
-4.25062848628939e-13
5.18267158206155e-10
-1.59154398224833e-10
2.26349113932802e-11
-2.40455455953857e-13
7.83133941555953e-14
1.08254789356466e-09
-7.88688417967531e-15
2.47771381536152e-11
2.14888253386681e-12
1.2665521609835e-13
-2.92421950896058e-14
5.33714425889091e-13
-4.77630760319982e-12
1.3003324764426e-12
8.96659906812653e-12
-1.15674626013565e-11
-3.23739053285412e-12
-3.26308602308153e-12
4.89493994987003e-10
3.82213720868415e-11
-8.73178984378032e-12
-3.60797174454516e-13
5.04113160931893e-11
1.50600673174728e-12
1.10054791512478e-10
4.82621819448099e-11
3.77522535539768e-11
-1.05924433760006e-10
1.48359488400961e-13
3.09864289698862e-13
-1.23731351572719e-10
7.95167254891693e-11
-7.40172972977463e-11
-2.56196632997591e-11
3.03161982532495e-12
-3.58026947263702e-13
8.02873748531391e-14
7.66018134789912e-12
1.16408999889176e-11
-1.37408046156851e-11
-8.12778085971758e-12
-3.34845073659928e-13
-2.32254715700328e-11
-1.22698645691806e-12
-6.59357464939202e-13
-3.12503429613628e-12
4.58250000259217e-11
1.15780937347519e-11
-2.11773957803377e-11
1.24279382041253e-12
-1.31512548239336e-13
-1.34758176943995e-10
-9.35262870431778e-12
-8.03399204285645e-12
3.02939069519008e-12
-1.35200781514318e-13
2.68059290953929e-14
-2.9061223008473e-09
-6.10878839104844e-08
-7.31125347843964e-10
-1.89196978593411e-11
3.24285821606433e-08
-1.35763807205755e-09
1.24629960816509e-10
3.82213720868295e-11
1.31310264190183e-06
-1.22987485012789e-09
-6.36105522359258e-10
1.01548177806273e-10
2.09611164516491e-11
3.44299890770511e-07
6.94031437031061e-09
4.45103377345526e-10
7.74365040086181e-12
1.41309618733498e-12
2.7809813573824e-12
-4.77325537304132e-06
1.2079053765012e-09
2.69507406478111e-09
-3.28162595879522e-10
-2.72671501138786e-11
-2.42838598924083e-12
3.84721776782641e-14
-8.76855569496737e-10
-4.14036515606487e-10
1.75764892892589e-09
-1.7140985721093e-10
-5.49750777213195e-11
8.04950074828132e-10
-1.30350335608443e-09
-6.09684458301282e-11
6.17902162664225e-12
-3.40638282028255e-09
-6.62744608789723e-10
3.62333479645828e-10
2.01391639288269e-11
4.33792454303628e-12
2.18176291363928e-08
5.36320659731938e-09
1.34968405975024e-10
-1.37886186214729e-11
4.5742291852702e-12
1.20685921131677e-12
3.16057837578307e-10
-3.83864035968068e-10
-9.28341814375625e-09
1.88644084122265e-10
1.06075373527732e-10
5.51550641122096e-09
-2.12403361880855e-10
-8.73178984377766e-12
-1.22987485012777e-09
1.32951340088482e-07
2.17901090010507e-10
-2.96579332557537e-11
1.9925641332951e-12
-3.20703799994782e-09
3.04742353530127e-08
2.79097204581114e-10
-2.18504879696064e-11
-9.88557729195828e-12
2.10192731623194e-12
-3.49546900566998e-08
-3.19780106250833e-07
2.20702060143113e-11
4.47725355108137e-11
4.5309425809098e-12
-8.04727273447073e-13
7.07781265801813e-13
6.72927914146661e-10
-1.63157057549704e-10
3.64395353480341e-10
4.38059634629572e-11
-6.82768664418113e-12
-2.00034241487629e-09
-1.80148185846654e-10
4.57474612417482e-11
-6.18136785634626e-12
-3.22878185999503e-09
-5.1115096131676e-11
2.96722673354377e-11
-1.0999263937416e-11
-1.72472811321014e-12
-1.06195585349228e-08
-6.71742426587231e-10
-3.09842173451305e-10
-9.00064362504615e-12
-1.46489848324907e-12
1.72487965420387e-14
1.51312735364162e-11
-2.18971592810178e-11
2.35497902016562e-11
-6.92524555817387e-10
-2.71651528643988e-11
2.47700731796708e-11
4.72110378517619e-10
-3.60797174454513e-13
-6.3610552235929e-10
2.17901090010508e-10
7.61122891324147e-09
7.65409239348011e-12
-1.98108494602514e-12
4.86101818869132e-10
-3.51002987569116e-10
1.66240226473619e-09
-2.32396007924418e-12
2.63691031387684e-12
-5.1175837287602e-13
7.72527721765618e-09
-1.04624188056968e-09
-1.00577862537605e-08
4.35764798976288e-11
4.50408408811707e-12
9.01324466331317e-14
-1.17373579637632e-13
-4.40323494011072e-11
7.88998057687172e-11
6.77430494202257e-11
7.83116419293167e-12
7.51011815342619e-13
6.52896686504835e-11
4.77885762322012e-12
1.92629304838921e-11
2.07370572140127e-12
4.13913005818092e-10
-2.52939462819361e-11
-2.61912686516301e-11
1.72271614855347e-12
1.20304674612842e-13
1.5272725958418e-09
-5.43631840598242e-10
6.27258398271847e-12
8.63962124132825e-12
5.45053677790105e-13
-9.3475297110649e-14
-1.67930773650207e-13
-5.73559148739431e-12
9.88891924629482e-12
-1.59212477266355e-13
-2.46058886250292e-11
1.01201628247944e-12
1.61039133713798e-11
5.04113160931893e-11
1.01548177806266e-10
-2.96579332557531e-11
7.65409239348011e-12
5.90552124478613e-10
-1.14528699930316e-12
3.0886005386882e-10
-2.26798787206818e-11
-5.21241040076235e-11
1.09282633531858e-10
4.5831447694253e-12
-2.29061697313222e-13
-9.07815065916807e-10
-1.11195619941853e-11
4.8924316048577e-11
-3.16960906633584e-10
8.7419635603494e-13
3.10649379203742e-13
-5.19517764323479e-14
-2.9295558600737e-12
-7.8484022581229e-12
-1.9523569794228e-11
9.15612200203596e-12
1.6827503998707e-12
-6.10549964563474e-11
-2.48434296738133e-11
-2.44478477427263e-13
1.16492786477308e-12
5.00923001697198e-11
-3.55015369806629e-12
-4.9045221696994e-12
-1.0087964046284e-12
-7.68041869575093e-14
6.59350442653084e-10
1.52928682319295e-10
-3.35681785824987e-11
5.8847941754429e-12
-2.53392794438792e-13
-2.45436206440654e-14
2.49720590526319e-13
-1.88748546668003e-12
-2.79449025527814e-13
1.35868610149897e-12
3.68173468330605e-13
-2.76917639004139e-12
-1.04192441711926e-12
1.50600673174728e-12
2.09611164516497e-11
1.99256413329635e-12
-1.98108494602514e-12
-1.14528699930316e-12
8.05830225806989e-11
-1.08859935670438e-11
1.09535684736866e-11
3.33400655539712e-12
1.86338061991482e-12
8.40923439221825e-12
1.5219604718316e-13
-1.84413861154627e-10
-3.7412271274857e-12
1.25967163235037e-11
7.99928201744751e-12
-1.00087376490294e-11
-4.32054124871989e-14
4.44638569327867e-14
5.93781661666705e-13
7.11111949274868e-13
-1.40358609955539e-12
1.20994100805866e-12
3.04183592004857e-12
-3.38477311024914e-12
-2.54436286808084e-12
-1.08278409945145e-12
2.23364831416618e-14
1.42163452912158e-11
-1.1299894350003e-12
-1.26394576991034e-12
-2.81389906344546e-13
-4.72215826070831e-13
3.17334160478426e-11
7.0278143309195e-13
-2.14786492666644e-12
-3.46100879057354e-12
-3.70232895236561e-14
-7.61133507498881e-15
-1.45729158401927e-09
-3.59996441753446e-08
2.13077833254714e-09
2.46870897791308e-10
-5.7224939672123e-07
-5.68535419255383e-09
4.16850436518403e-10
1.10054791512442e-10
3.4429989077051e-07
-3.20703799994799e-09
4.86101818869294e-10
3.08860053868862e-10
-1.08859935670351e-11
1.13282890485618e-05
-1.71461398616152e-08
1.51399064328971e-09
-3.84413733503243e-10
8.60545161098677e-12
-1.17057274736634e-11
8.20671049847652e-06
3.94761618202869e-08
-1.43840628494975e-09
-2.16572271232296e-09
-2.10320574269599e-11
2.68944062214507e-12
-3.5595817337233e-12
-8.61269846374456e-10
-5.93107690729788e-10
9.98812924599913e-10
-1.74041730521e-09
9.68205447271273e-11
1.84200898642741e-08
-1.4233748791917e-09
4.68869130951828e-10
4.55070592458364e-11
2.47254466440594e-08
1.26811589381902e-08
2.50197274701526e-10
3.45488373463415e-11
8.75435101024363e-12
-4.42029153092994e-08
6.03594603190517e-09
-5.28745046824996e-09
-1.00543574294096e-10
4.81959077968475e-12
1.00911073654225e-13
-1.5837616150275e-10
-1.26326430657477e-09
-4.02991127812803e-09
-5.16039950675619e-12
-1.06422518779303e-09
-5.24920494352612e-08
1.88530295404743e-10
4.82621819448135e-11
6.94031437031122e-09
3.04742353530127e-08
-3.51002987569132e-10
-2.26798787206817e-11
1.0953568473688e-11
-1.71461398616138e-08
7.48368326875088e-07
-7.09099269591545e-11
-1.67405356564478e-10
1.18373725339788e-11
2.42848782291266e-12
-2.11023880013149e-09
4.81376692259656e-07
-1.04924067747843e-09
8.90330555386965e-11
1.40730062005868e-11
-1.56618944996981e-12
1.01498091346483e-13
1.69299074868622e-10
7.60793731366981e-11
3.47439735846967e-09
-5.41897591048852e-10
-2.58354215340175e-11
1.09872114088294e-09
6.81645574390248e-10
8.31075951087139e-12
-5.39713971272846e-12
8.78445376300003e-09
-6.3770124157e-10
-3.96755856292185e-10
7.83670459990969e-13
3.21317362037041e-12
4.81696894707746e-09
-8.3623074982859e-09
-3.41612578607623e-10
7.80423594488051e-11
3.01300502691872e-12
8.49695965684123e-13
1.67338128407635e-12
-3.30370967645862e-11
-1.6683990885843e-10
-2.20479966045805e-10
5.22361276223783e-11
2.3377118668897e-10
-2.36792497869299e-09
3.77522535539769e-11
4.45103377345583e-10
2.79097204581101e-10
1.66240226473619e-09
-5.21241040076234e-11
3.33400655539712e-12
1.51399064328993e-09
-7.09099269591463e-11
2.87631169271463e-08
4.30898383761509e-11
-3.33709374494357e-12
6.9172067811581e-13
-1.0584591599014e-09
-3.72887940890128e-09
1.47244860405605e-08
-8.27439896223588e-11
-1.14097595213033e-11
-1.78957218637834e-12
2.74026712421208e-13
-4.25027347911231e-11
6.74182061045568e-12
1.41360921479633e-10
1.51613216819619e-10
-2.06525039370848e-11
1.2516993080385e-09
7.76491826247362e-11
5.78633681569788e-12
-6.41859153797137e-13
1.04644543832538e-09
1.26986795456557e-11
-5.01684245261446e-11
9.8941046851018e-12
-1.77156496481454e-13
-1.00822423004029e-08
-1.09387954213248e-10
-1.16018550388536e-10
8.45595828835857e-12
-1.43300074132407e-12
6.51615977985731e-14
-4.59345337233253e-14
1.00266208412668e-11
-2.59218308455399e-12
3.76434659278651e-12
3.57796471055597e-11
1.21546154230956e-11
7.05014091036799e-12
-1.05924433760006e-10
7.74365040088082e-12
-2.18504879696108e-11
-2.3239600792442e-12
1.09282633531858e-10
1.86338061991482e-12
-3.84413733503194e-10
-1.67405356564471e-10
4.30898383761511e-11
1.33346453115686e-09
1.52966068095006e-12
-2.05773841848298e-13
-1.95417867723019e-09
7.76900704624272e-12
-1.85113512680247e-10
5.16921171154557e-10
-1.07736948695498e-12
4.06464421602465e-13
-4.69885267891728e-14
-2.53389629811688e-11
-1.60436438945555e-11
-1.84788236011268e-11
-2.64656316294265e-11
2.07867946692365e-11
2.61526854346389e-11
3.0934080271932e-11
4.26722475554203e-12
1.1531168723192e-12
3.57562827842701e-10
6.07080306984865e-11
7.84660172546689e-13
5.25077515109753e-12
1.61113384250487e-13
3.51697722199822e-10
-3.53269444615148e-11
-9.9007680405919e-13
-3.48946518999531e-12
1.69098798386114e-13
4.460861474152e-15
-8.51619505707917e-14
3.8083534126629e-13
1.53361994242245e-12
-1.5634555189224e-12
-1.13407527885412e-12
-7.88816139704852e-13
2.41375390427611e-12
1.48359488400961e-13
1.41309618732774e-12
-9.88557729195803e-12
2.63691031387684e-12
4.5831447694253e-12
8.40923439221824e-12
8.60545161094979e-12
1.18373725339773e-11
-3.33709374494358e-12
1.52966068095006e-12
8.37840547217671e-11
-5.30064255675664e-14
-3.35527637708741e-11
8.10969136049947e-11
-8.48751245551674e-12
-1.00588242314352e-11
2.11455862581603e-11
6.72916643047399e-13
-3.18569787074199e-14
-4.88001958035349e-13
1.42985259013173e-12
-1.42073819051552e-12
-3.01760948410845e-14
-1.17198229509489e-12
1.06140095615991e-11
-2.42622301275856e-12
8.8692271412049e-13
2.04285903930131e-13
1.11500751839138e-11
-9.52908904898558e-12
-5.14619269100228e-12
4.48134972430947e-15
9.14335961497553e-14
-1.30605175434869e-10
-1.30015162314492e-11
-2.79760499909317e-12
8.40360203821354e-14
-1.95484473999867e-13
-7.36697203218809e-15
8.19753197113197e-14
-4.21156380247869e-13
-3.1033723850066e-13
4.69711771116536e-13
9.78468389668347e-13
-5.51162361751646e-13
-2.69570993173108e-13
3.09864289698862e-13
2.78098135736873e-12
2.10192731623367e-12
-5.11758372876014e-13
-2.29061697313226e-13
1.5219604718316e-13
-1.17057274737081e-11
2.42848782291217e-12
6.91720678115816e-13
-2.05773841848288e-13
-5.30064255675667e-14
9.02135388070003e-12
-1.5983870236961e-11
-1.10239793649988e-11
6.87353300693279e-13
5.20720975722904e-13
4.24760605682778e-13
1.09612500702452e-12
5.75527081335137e-15
5.43660131478315e-14
-6.60773815563305e-14
6.11658767806762e-14
-5.74272331978507e-14
1.64091938661738e-13
4.89425222344225e-13
-2.40575716492212e-13
2.50474501994746e-15
5.04533128629383e-13
-3.42331607820544e-13
2.86563722725432e-13
-1.77482289112504e-13
-1.38820722302404e-13
6.63644531228018e-15
-5.14029049142339e-12
2.41278579069866e-12
5.27069641427704e-13
-1.37734432305381e-13
1.74654918669417e-14
-5.06129536330051e-14
3.2660346701095e-09
-6.73124221153691e-08
-1.72907812391201e-08
-1.6058151300419e-09
-3.95587319169396e-07
2.83147532199053e-08
-1.11170630599953e-09
-1.23731351573207e-10
-4.77325537304133e-06
-3.49546900567001e-08
7.72527721765691e-09
-9.07815065916463e-10
-1.84413861154646e-10
8.20671049847652e-06
-2.11023880013698e-09
-1.05845915990275e-09
-1.95417867723015e-09
-3.35527637707398e-11
-1.59838702365598e-11
0.000117309877966461
-7.04005575485995e-08
2.04993333554648e-08
6.02364899937966e-09
2.45993213726918e-10
1.30330405087829e-11
6.59498801555439e-13
1.31031682633289e-08
-7.18853994891423e-10
-6.70541833561386e-09
-5.58700504194818e-09
5.74748726761639e-10
1.37618414429991e-08
1.32347139777934e-08
8.46813507960965e-10
-2.84051385384543e-11
7.38096820341322e-08
5.93968967038115e-09
-8.32666590459916e-09
-2.03560048593403e-10
-3.70523602553939e-11
2.20485563768265e-07
6.71883079275109e-08
1.26016032016878e-08
1.53944914557317e-10
-3.65225663796735e-11
-9.29858856697775e-12
-2.16625058235377e-09
1.59895593308362e-09
-5.10443906615146e-09
-1.14168811489517e-09
-5.46455207074309e-09
-2.61926980475503e-08
1.14805786584951e-09
7.95167254891702e-11
1.20790537650151e-09
-3.19780106250833e-07
-1.04624188056964e-09
-1.11195619941846e-11
-3.74122712748455e-12
3.94761618202872e-08
4.81376692259656e-07
-3.72887940890122e-09
7.76900704627632e-12
8.10969136049949e-11
-1.10239793649906e-11
-7.04005575485988e-08
5.28113064674905e-06
6.64141168601795e-09
-5.87247999738324e-10
-2.61182615674569e-11
4.12091604148055e-12
-3.75862386230131e-12
4.73590072746296e-09
-3.64298009955149e-10
-2.26906684593647e-09
1.6810548022224e-10
2.54972942673143e-10
2.65233200035122e-08
-1.4492734668898e-09
-5.52569635597049e-10
1.59557244242844e-11
7.5083986585573e-09
-6.06146947378461e-09
-7.18511529033651e-10
1.38945769879177e-10
9.8585302120275e-12
4.73584988891955e-08
1.72857892086219e-08
1.08926003310484e-10
-4.58178949327206e-11
8.63000204342409e-12
1.18091632455471e-13
-5.00891970857083e-11
-2.17534723343095e-10
3.06880294750931e-10
-3.13270720570892e-10
2.65681574743426e-10
-7.13148199545811e-10
-8.92210039757093e-10
-7.40172972977464e-11
2.69507406478125e-09
2.20702060142905e-11
-1.00577862537605e-08
4.8924316048577e-11
1.25967163235037e-11
-1.43840628494927e-09
-1.04924067747844e-09
1.47244860405605e-08
-1.85113512680247e-10
-8.48751245551672e-12
6.87353300693356e-13
2.04993333554642e-08
6.64141168601799e-09
1.42009255580328e-07
2.55813786948066e-10
-1.91708188999832e-11
4.49142540982708e-13
2.84480123014975e-13
4.14924753732351e-10
-4.38278073221833e-11
2.03158903683796e-10
6.21108473369219e-11
1.89788341295331e-11
4.50160745300016e-10
5.15421433791533e-10
-1.35950761939269e-10
3.16979822924333e-12
-4.92651981259922e-09
-1.26007404677948e-10
7.88503448680957e-12
1.53403458354815e-11
-1.72685592907047e-12
1.8858493088481e-08
1.66858081261402e-10
-2.88470639756529e-10
-4.4686012298765e-11
-3.1482667734075e-12
2.35737311650904e-13
-2.06109545020968e-12
7.27149971889443e-12
-2.06628180108971e-11
2.0304960519099e-11
1.45556851463275e-10
-3.26315376891209e-11
-4.76231981209158e-11
-2.56196632997591e-11
-3.28162595879466e-10
4.47725355108119e-11
4.35764798976289e-11
-3.16960906633584e-10
7.9992820174475e-12
-2.16572271232241e-09
8.90330555387168e-11
-8.27439896223591e-11
5.16921171154557e-10
-1.00588242314352e-11
5.2072097572289e-13
6.02364899937971e-09
-5.87247999738309e-10
2.55813786948066e-10
4.30339624149395e-09
1.21182347352119e-11
-1.19083492893005e-13
1.09885574196921e-13
-2.57551844749473e-11
-1.7737558714302e-11
-2.64136314934445e-11
-2.5470675068714e-11
5.9145454002038e-12
3.47185498566107e-10
9.99531132833542e-12
3.40400574488969e-11
2.10638303718167e-12
1.43363666456242e-10
1.12850788764513e-10
2.26107057916294e-12
3.01767072885478e-12
-2.93389266569356e-13
-2.48692551053826e-10
2.43283511265644e-10
8.48235202398428e-13
2.01196069346036e-13
1.56617033164612e-12
8.2181360405752e-14
-4.23446417151131e-13
2.31664975415709e-12
-1.42257463748923e-12
-4.57366289691719e-13
3.38719773758385e-12
1.43908296728149e-12
2.44027291841658e-12
3.03161982532494e-12
-2.72671501138746e-11
4.5309425809097e-12
4.50408408811707e-12
8.74196356034937e-13
-1.00087376490294e-11
-2.1032057426962e-11
1.4073006200585e-11
-1.14097595213033e-11
-1.07736948695498e-12
2.11455862581602e-11
4.2476060568278e-13
2.45993213726916e-10
-2.61182615674628e-11
-1.91708188999832e-11
1.21182347352119e-11
1.61939360698873e-10
1.04458057281359e-13
-4.63455454471374e-14
-2.55229016779271e-12
-2.18162733146392e-13
6.26755345998592e-12
-2.71045264781581e-12
-3.12918683182012e-12
2.07042054564645e-11
-7.14378105096564e-12
-5.80073336685805e-12
3.42062778760187e-12
-9.57824585292879e-11
-6.98625789436235e-12
3.65691340081529e-12
3.21405206884991e-14
1.28684494528966e-13
-1.72094593413094e-11
3.58622865903588e-11
-5.12282685844134e-13
-6.282170068249e-15
8.71688822484527e-13
6.32139836100145e-15
-4.59429402848414e-14
3.08792043477053e-13
1.77267450890785e-13
-3.51953709341114e-13
-1.14660704162475e-13
2.97110609219098e-13
4.80939033493748e-13
-3.58026947263701e-13
-2.42838598924365e-12
-8.04727273447447e-13
9.01324466331326e-14
3.10649379203742e-13
-4.32054124871987e-14
2.68944062212947e-12
-1.56618944996998e-12
-1.78957218637834e-12
4.06464421602465e-13
6.72916643047399e-13
1.09612500702452e-12
1.3033040508792e-11
4.12091604148207e-12
4.49142540982708e-13
-1.19083492893007e-13
1.04458057281358e-13
8.20355422202536e-12
-2.08921691538786e-14
-3.08468488880343e-13
7.40673554109281e-14
1.56849354281458e-13
-1.96947968381366e-13
8.21673152847653e-14
1.42194575201441e-12
-4.78273429297337e-13
2.46839791157778e-13
-9.44765909135645e-15
-1.70351016165024e-12
1.53885520926711e-12
-7.07268241760125e-14
2.1213636474214e-13
-3.46117108889761e-14
-6.06522489976642e-12
2.7207887304702e-12
-1.56340503692564e-12
-8.23694544830299e-13
4.24041891300732e-15
-3.5025864701116e-16
2.01649482131964e-14
-6.02422421122709e-14
-1.06310702433727e-13
1.03134418356261e-13
3.40091143179539e-13
-6.30329906168611e-14
-8.69422128304297e-14
8.02873748531382e-14
3.84721777410843e-14
7.07781265803396e-13
-1.17373579637635e-13
-5.19517764323269e-14
4.44638569327855e-14
-3.5595817333538e-12
1.01498091321848e-13
2.74026712421297e-13
-4.69885267891609e-14
-3.18569787074203e-14
5.75527081335262e-15
6.59498803258377e-13
-3.7586238623305e-12
2.8448012301512e-13
1.0988557419734e-13
-4.63455454471425e-14
-2.08921691538785e-14
7.2841130887985e-13
4.51396291817313e-15
-4.77166663205071e-14
6.81590059384942e-14
-1.86683405233979e-14
-1.13555450145347e-16
1.06194776575073e-13
5.76253780959506e-14
-1.71601354532736e-14
2.16538631128089e-14
-3.50453913859913e-13
1.13719235579586e-13
-9.64145895371958e-15
-9.34302682842273e-15
5.46723727980736e-14
-1.10720107533536e-12
-1.46894406046236e-13
2.99025984025729e-14
-9.58314998214195e-15
-4.07204289369062e-15
4.09775698251727e-16
6.60860494347757e-11
-1.9765678959315e-10
3.44285736380581e-11
-3.86886008088743e-11
2.88023761011218e-10
9.14265923936116e-11
5.13821746135103e-11
7.66018134789915e-12
-8.76855569496718e-10
6.72927914146659e-10
-4.40323494011071e-11
-2.92955586007374e-12
5.93781661666686e-13
-8.61269846374356e-10
1.69299074868621e-10
-4.25027347911229e-11
-2.53389629811687e-11
-4.88001958035354e-13
5.43660131478189e-14
1.31031682633294e-08
4.73590072746296e-09
4.1492475373235e-10
-2.57551844749471e-11
-2.55229016779271e-12
-3.08468488880337e-13
4.51396291809734e-15
6.33977554895373e-09
-7.63027241766283e-12
1.32552349986803e-09
8.95185987659928e-12
-6.17461843272588e-13
-9.07022108165894e-09
5.78337729909946e-11
1.11323052818691e-11
3.22902324340655e-13
-4.22059957123601e-09
-1.7584252303073e-10
-1.20152847690594e-12
1.75865392200759e-12
1.32287676141886e-13
-4.68651262902995e-09
2.95906485930659e-10
-1.71673386331466e-11
-2.19722721962279e-12
2.60120524501145e-13
3.7820975915933e-14
-8.00632256572313e-13
4.6516644533972e-11
4.73639778778841e-11
-2.11539558206715e-12
8.36859224921686e-11
-2.9047401158595e-11
7.55712370607624e-12
1.16408999889175e-11
-4.14036515606484e-10
-1.63157057549702e-10
7.88998057687171e-11
-7.84840225812291e-12
7.11111949274867e-13
-5.9310769072983e-10
7.60793731366943e-11
6.74182061045569e-12
-1.60436438945555e-11
1.42985259013173e-12
-6.60773815563384e-14
-7.18853994891433e-10
-3.64298009955152e-10
-4.38278073221831e-11
-1.7737558714302e-11
-2.18162733146392e-13
7.40673554109288e-14
-4.77166663205037e-14
-7.63027241766282e-12
1.83110459327648e-09
-2.83971304300689e-11
1.82986362775693e-10
8.30064237849485e-12
2.39544246906127e-10
-6.86420830153425e-10
5.83109166007393e-13
7.70461848276078e-13
-8.26701054672989e-11
-2.18128919264521e-10
5.10048497542905e-12
-8.59316879477622e-13
2.52336628807997e-13
-1.39126779501876e-09
-3.56343730247967e-10
1.71469981027955e-11
-1.15508120629942e-13
-7.6104372474165e-14
3.76860239065843e-14
-3.3554159597336e-11
-9.35210547538103e-12
7.89919867252577e-11
4.23829955243278e-11
-3.14916113171647e-10
-8.60074417658317e-12
-3.04287960084521e-11
-1.37408046156851e-11
1.75764892892583e-09
3.64395353480344e-10
6.77430494202256e-11
-1.95235697942279e-11
-1.40358609955539e-12
9.98812924599821e-10
3.47439735846966e-09
1.41360921479633e-10
-1.84788236011269e-11
-1.4207381905155e-12
6.11658767807757e-14
-6.70541833561424e-09
-2.26906684593647e-09
2.03158903683796e-10
-2.64136314934446e-11
6.26755345998595e-12
1.56849354281472e-13
6.81590059383973e-14
1.32552349986803e-09
-2.83971304300688e-11
2.32518809046938e-08
8.47517863082659e-11
2.65116625564138e-12
5.50167390435728e-09
1.89802673472567e-11
3.49529181088904e-12
-1.28004056944176e-12
-5.14651447579145e-08
1.48082020567074e-10
4.78242214134034e-12
-2.13242257200569e-12
-4.57200326728405e-13
-2.64564124464808e-08
-1.04299328497569e-09
-4.51120975322699e-11
-5.30806513431978e-13
-3.75138008858815e-13
-7.42489603303233e-14
-1.08443150890302e-11
7.72308544927549e-11
-4.07223883144195e-11
-1.24170379974242e-12
6.50863173911633e-12
2.48392144104192e-11
1.70634981725388e-12
-8.12778085971758e-12
-1.7140985721093e-10
4.38059634629541e-11
7.83116419293165e-12
9.15612200203596e-12
1.20994100805866e-12
-1.74041730520996e-09
-5.41897591048847e-10
1.51613216819619e-10
-2.64656316294266e-11
-3.01760948410774e-14
-5.7427233197835e-14
-5.58700504194812e-09
1.68105480222248e-10
6.21108473369221e-11
-2.5470675068714e-11
-2.71045264781581e-12
-1.96947968381365e-13
-1.86683405233753e-14
8.95185987659922e-12
1.82986362775692e-10
8.4751786308266e-11
2.59566842890119e-09
-2.32939954309621e-12
-1.30595524073602e-10
4.74987034292461e-10
1.67030941477674e-11
-8.91186221951656e-14
-3.44093928375948e-11
-2.37371051579657e-09
5.1809815455672e-12
2.41557198584844e-12
8.56300215187818e-14
3.38914880688286e-10
-9.05205133205804e-10
-4.90528574551723e-11
1.23667209411244e-12
4.23830552075304e-13
3.08890783171394e-16
-9.4226170964288e-13
5.10935315417249e-12
-2.48259906361361e-12
-1.35908052133035e-11
-9.99767050346465e-12
1.37463469177046e-11
1.13243706317626e-11
-3.34845073659929e-13
-5.49750777212731e-11
-6.82768664418346e-12
7.51011815342591e-13
1.6827503998707e-12
3.04183592004858e-12
9.68205447272983e-11
-2.58354215340207e-11
-2.06525039370848e-11
2.07867946692365e-11
-1.17198229509489e-12
1.64091938661738e-13
5.7474872676118e-10
2.54972942673144e-10
1.8978834129533e-11
5.9145454002038e-12
-3.12918683182012e-12
8.21673152847643e-14
-1.13555450143605e-16
-6.17461843272644e-13
8.30064237849485e-12
2.65116625564145e-12
-2.32939954309621e-12
4.88794650408065e-10
-5.72389959124782e-12
1.6978387521078e-12
5.15312295017808e-11
1.14758220582858e-12
5.24665346817777e-12
3.2606305747344e-11
-1.05744606945664e-10
6.21839368754435e-13
2.03366381960229e-13
1.04762207074306e-10
-7.92802828213004e-11
-2.86784952833917e-11
3.09517513055676e-12
-2.26745659459127e-13
5.71828745325196e-14
-3.21292326351586e-10
4.98620299089643e-10
-8.11350798496881e-10
1.27190142389241e-10
-1.30279277939529e-09
-3.40980388434658e-10
-1.55382866879892e-10
-2.32254715700334e-11
8.04950074828032e-10
-2.00034241487628e-09
6.5289668650484e-11
-6.10549964563469e-11
-3.38477311024904e-12
1.84200898642739e-08
1.09872114088293e-09
1.2516993080385e-09
2.61526854346376e-11
1.06140095615992e-11
4.89425222344433e-13
1.37618414429975e-08
2.65233200035122e-08
4.50160745300011e-10
3.47185498566105e-10
2.07042054564645e-11
1.42194575201442e-12
1.06194776574085e-13
-9.07022108165894e-09
2.39544246906127e-10
5.50167390435727e-09
-1.30595524073603e-10
-5.72389959124808e-12
1.32493992910391e-07
9.22926575634457e-12
-3.29656525022986e-11
-3.23095572054515e-12
3.05370489836947e-08
-2.35352218344027e-10
-3.70663286746786e-11
-1.00281784788535e-11
-6.20410264574097e-13
-3.15799503178816e-07
1.48737544502263e-09
6.43145180487626e-11
1.12291668913962e-11
-9.86934883461924e-13
-9.2061118806412e-14
2.36599326306764e-11
-8.76292236903492e-11
4.1343877071981e-11
-7.64010538481287e-11
-4.38553924227378e-11
-1.40810871927877e-10
-2.50179424002147e-11
-1.22698645691801e-12
-1.30350335608447e-09
-1.80148185846659e-10
4.77885762321994e-12
-2.48434296738134e-11
-2.54436286808084e-12
-1.42337487919183e-09
6.81645574390264e-10
7.76491826247363e-11
3.09340802719321e-11
-2.42622301275856e-12
-2.40575716492223e-13
1.32347139777936e-08
-1.44927346688976e-09
5.15421433791534e-10
9.9953113283356e-12
-7.14378105096566e-12
-4.78273429297334e-13
5.76253780961194e-14
5.7833772990995e-11
-6.86420830153426e-10
1.89802673472567e-11
4.74987034292461e-10
1.69783875210788e-12
9.22926575634499e-12
7.59239367181346e-09
4.97331178929945e-12
-1.58352184202834e-12
-4.51431414166455e-10
1.66086236458188e-09
-5.35341251124857e-12
1.09552240623212e-12
-4.9838354899987e-13
3.69796809837615e-10
-9.97451763481151e-09
5.30376920967828e-11
5.15004405099456e-12
-3.88357152686187e-13
-1.18087515271604e-13
6.12930615290991e-13
-1.10858649752374e-12
5.61515002292552e-12
1.07903779324125e-11
-2.86884025072157e-11
9.59337223975103e-12
-9.36569699284012e-12
-6.593574649392e-13
-6.0968445830125e-11
4.57474612417428e-11
1.92629304838922e-11
-2.44478477427241e-13
-1.08278409945145e-12
4.68869130952025e-10
8.31075951088084e-12
5.78633681569782e-12
4.26722475554204e-12
8.86922714120494e-13
2.50474501995234e-15
8.46813507961044e-10
-5.52569635597043e-10
-1.35950761939269e-10
3.40400574488969e-11
-5.80073336685805e-12
2.46839791157778e-13
-1.71601354532939e-14
1.1132305281869e-11
5.83109166007405e-13
3.49529181088918e-12
1.67030941477674e-11
5.15312295017808e-11
-3.2965652502298e-11
4.97331178929939e-12
5.90538289385025e-10
-5.78346558968576e-13
-2.08467189695036e-11
-5.09946240967368e-11
1.0771368773761e-10
4.40687441500288e-12
-7.98131007317877e-14
-6.9099335262178e-11
5.473497396421e-11
-3.17104587228612e-10
3.40523309904299e-13
2.42708208092811e-13
-2.63175860602719e-14
-1.91759802718768e-13
4.92449447687494e-14
1.19260284554764e-12
-1.20447934461234e-12
-4.80058695862849e-12
5.6300145797072e-13
-4.25062848628906e-13
-3.12503429613627e-12
6.17902162667782e-12
-6.18136785635095e-12
2.07370572140128e-12
1.16492786477309e-12
2.23364831416619e-14
4.55070592462399e-11
-5.39713971272107e-12
-6.41859153797086e-13
1.15311687231918e-12
2.04285903930127e-13
5.04533128629384e-13
-2.84051385379746e-11
1.5955724424117e-11
3.16979822924327e-12
2.10638303718166e-12
3.42062778760187e-12
-9.44765909135628e-15
2.16538631128087e-14
3.22902324340239e-13
7.70461848276088e-13
-1.28004056944151e-12
-8.91186221952122e-14
1.14758220582858e-12
-3.23095572054309e-12
-1.58352184202847e-12
-5.7834655896852e-13
8.04445936805378e-11
4.60149842644086e-12
2.661975653518e-13
1.85300649228452e-12
8.57757233290686e-12
1.22807142416782e-13
2.69331712025834e-11
1.24378481215687e-11
6.55001819752403e-12
-1.00040290492222e-11
-1.12561157727242e-14
4.22354394846961e-14
1.86004822651632e-10
4.50515979238114e-10
-8.40696971541581e-10
-1.06491767437463e-10
-9.66743121360087e-10
-6.72548680717401e-09
5.18267158206155e-10
4.58250000259216e-11
-3.40638282028217e-09
-3.22878185999505e-09
4.13913005818091e-10
5.009230016972e-11
1.42163452912157e-11
2.47254466440609e-08
8.78445376300004e-09
1.04644543832538e-09
3.575628278427e-10
1.11500751839138e-11
-3.42331607821179e-13
7.38096820341348e-08
7.50839865855729e-09
-4.92651981259922e-09
1.43363666456241e-10
-9.57824585292878e-11
-1.70351016165026e-12
-3.50453913860536e-13
-4.220599571236e-09
-8.26701054672992e-11
-5.14651447579145e-08
-3.4409392837595e-11
5.24665346817791e-12
3.05370489836946e-08
-4.51431414166454e-10
-2.08467189695032e-11
4.60149842644041e-12
7.39393748645793e-07
9.08714265609e-10
-1.15328568232078e-10
1.89528438213197e-11
3.21638861908642e-12
4.8191719961383e-07
2.35765283764031e-09
1.29069892173157e-10
2.50952822511668e-11
2.39291378297233e-12
5.33844807195619e-13
6.90260422877234e-11
-2.040816477645e-10
2.20772726277825e-11
-2.41637154363746e-11
-1.16217611351707e-09
-2.00837368347379e-10
-1.59154398224833e-10
1.15780937347518e-11
-6.62744608789695e-10
-5.111509613167e-11
-2.52939462819361e-11
-3.55015369806624e-12
-1.12998943500034e-12
1.268115893819e-08
-6.37701241570007e-10
1.26986795456554e-11
6.07080306984867e-11
-9.52908904898558e-12
2.86563722725444e-13
5.93968967038067e-09
-6.06146947378461e-09
-1.26007404677949e-10
1.12850788764514e-10
-6.98625789436238e-12
1.53885520926713e-12
1.13719235578787e-13
-1.7584252303073e-10
-2.18128919264521e-10
1.48082020567074e-10
-2.37371051579657e-09
3.2606305747344e-11
-2.35352218344029e-10
1.66086236458188e-09
-5.09946240967366e-11
2.66197565351332e-13
9.08714265609e-10
2.87880048435388e-08
5.09786870318722e-11
-3.23207007070246e-12
-3.40260650408986e-13
2.2310203911806e-09
1.47794331704811e-08
-8.49223631304554e-11
-7.66135177195253e-12
-1.56429549896574e-12
4.4747802307678e-14
1.6623214147465e-12
7.15477522048333e-13
1.86603895504981e-11
1.59129640083137e-11
-9.64527702487156e-12
2.09573569150318e-11
2.26349113932801e-11
-2.11773957803377e-11
3.62333479645801e-10
2.96722673354396e-11
-2.61912686516301e-11
-4.90452216969942e-12
-1.26394576991034e-12
2.50197274701711e-10
-3.96755856292183e-10
-5.01684245261446e-11
7.84660172546677e-13
-5.14619269100228e-12
-1.77482289112515e-13
-8.32666590459884e-09
-7.18511529033726e-10
7.8850344868095e-12
2.26107057916294e-12
3.65691340081529e-12
-7.07268241760119e-14
-9.64145895357833e-15
-1.20152847690585e-12
5.1004849754291e-12
4.78242214134025e-12
5.18098154556723e-12
-1.05744606945664e-10
-3.70663286746782e-11
-5.35341251124847e-12
1.0771368773761e-10
1.8530064922845e-12
-1.15328568232079e-10
5.09786870318721e-11
1.33491044242304e-09
1.07767906508572e-12
-2.17552334711523e-13
6.44048715785914e-11
-1.7789837816954e-10
5.19925785410216e-10
-7.29999527495814e-13
3.08577331556085e-13
-5.07435318869816e-14
5.0926080250343e-14
-1.42026690150844e-12
5.31413983739774e-13
-7.86684583403591e-13
-3.38863722069472e-12
-8.99233764448819e-13
-2.40455455953607e-13
1.24279382041254e-12
2.0139163928944e-11
-1.09992639375021e-11
1.72271614855313e-12
-1.00879640462841e-12
-2.8138990634455e-13
3.45488373456579e-11
7.83670460099187e-13
9.89410468510189e-12
5.25077515109765e-12
4.48134972429265e-15
-1.38820722302405e-13
-2.03560048588998e-10
1.38945769878594e-10
1.53403458354814e-11
3.01767072885463e-12
3.21405206884816e-14
2.12136364742141e-13
-9.34302682842486e-15
1.75865392200539e-12
-8.59316879477438e-13
-2.13242257200386e-12
2.41557198584834e-12
6.21839368754583e-13
-1.00281784788312e-11
1.09552240623105e-12
4.40687441500296e-12
8.57757233290688e-12
1.89528438213378e-11
-3.23207007070054e-12
1.07767906508586e-12
8.36928116591153e-11
-2.45403347224162e-14
8.34057825137391e-11
-1.99317214269936e-12
-9.74136123451593e-12
2.10334489950444e-11
6.48635281054656e-13
-3.20419154952202e-14
-1.95416243148778e-15
-2.55537447708866e-13
2.54556856605701e-13
2.64629418912393e-14
-1.01058668513126e-12
-4.47654308404661e-13
7.83133941555982e-14
-1.31512548239336e-13
4.33792454304575e-12
-1.72472811321012e-12
1.20304674612843e-13
-7.68041869575077e-14
-4.7221582607083e-13
8.75435101038844e-12
3.21317362037199e-12
-1.77156496481449e-13
1.61113384250485e-13
9.14335961497552e-14
6.63644531228029e-15
-3.70523602553603e-11
9.85853021202563e-12
-1.72685592907048e-12
-2.93389266569361e-13
1.28684494528966e-13
-3.46117108889761e-14
5.4672372798073e-14
1.32287676141865e-13
2.52336628807987e-13
-4.57200326728413e-13
8.56300215187691e-14
2.03366381960229e-13
-6.20410264574001e-13
-4.98383548999884e-13
-7.98131007317819e-14
1.22807142416782e-13
3.21638861908676e-12
-3.40260650408843e-13
-2.17552334711517e-13
-2.45403347224194e-14
9.01871888982389e-12
2.47310218903082e-12
1.29658029650288e-12
1.67458969520919e-13
4.22416259283955e-13
1.09624146512331e-12
7.46331152576222e-15
-1.35700797662802e-09
-2.72489615690487e-09
-8.62424864263485e-09
2.02152969960127e-10
1.07579388809528e-08
-4.13072365082993e-09
1.08254789356466e-09
-1.34758176943994e-10
2.18176291363932e-08
-1.06195585349229e-08
1.5272725958418e-09
6.59350442653083e-10
3.17334160478427e-11
-4.42029153092977e-08
4.81696894707768e-09
-1.00822423004029e-08
3.51697722199824e-10
-1.30605175434869e-10
-5.14029049142329e-12
2.20485563768268e-07
4.73584988891961e-08
1.8858493088481e-08
-2.48692551053827e-10
-1.72094593413094e-11
-6.06522489976672e-12
-1.1072010753345e-12
-4.68651262902993e-09
-1.39126779501876e-09
-2.64564124464808e-08
3.38914880688287e-10
1.04762207074307e-10
-3.15799503178816e-07
3.69796809837616e-10
-6.90993352621778e-11
2.69331712025877e-11
4.8191719961383e-07
2.2310203911806e-09
6.4404871578592e-11
8.34057825137741e-11
2.47310218903097e-12
5.18430244035231e-06
-5.88238569938771e-09
-6.48177338589235e-10
-7.94650874778508e-11
4.65416924670011e-12
1.23748205480554e-13
-1.36296388077385e-10
-6.32059839588889e-10
-6.25242239468433e-10
3.35528631558322e-11
-9.92828984379706e-10
6.908058974195e-10
-7.88688417979608e-15
-9.35262870431802e-12
5.36320659731967e-09
-6.71742426587219e-10
-5.43631840598242e-10
1.52928682319295e-10
7.02781433091976e-13
6.03594603190522e-09
-8.36230749828594e-09
-1.09387954213248e-10
-3.5326944461515e-11
-1.30015162314493e-11
2.41278579069835e-12
6.71883079275087e-08
1.72857892086218e-08
1.66858081261399e-10
2.43283511265644e-10
3.58622865903587e-11
2.72078873047016e-12
-1.4689440604634e-13
2.95906485930659e-10
-3.56343730247966e-10
-1.04299328497569e-09
-9.05205133205804e-10
-7.92802828213002e-11
1.48737544502263e-09
-9.97451763481152e-09
5.47349739642099e-11
1.24378481215686e-11
2.35765283764031e-09
1.47794331704811e-08
-1.7789837816954e-10
-1.99317214270371e-12
1.29658029650284e-12
-5.88238569938772e-09
1.41745983929676e-07
2.33382153862189e-10
-2.50383517369784e-11
1.99631866271442e-12
4.91212484975869e-13
-3.65852222134497e-12
-4.17208530396637e-11
1.33329614072688e-11
9.99011474996748e-12
2.64129339282905e-10
6.40129413330741e-11
2.47771381536151e-11
-8.03399204285639e-12
1.34968405974974e-10
-3.098421734513e-10
6.27258398271813e-12
-3.35681785824988e-11
-2.14786492666642e-12
-5.28745046824858e-09
-3.41612578607665e-10
-1.16018550388536e-10
-9.90076804059199e-13
-2.79760499909319e-12
5.27069641427696e-13
1.26016032016896e-08
1.08926003310457e-10
-2.8847063975653e-10
8.4823520239866e-13
-5.12282685844124e-13
-1.56340503692565e-12
2.99025984029782e-14
-1.71673386331469e-11
1.71469981027955e-11
-4.51120975322705e-11
-4.90528574551723e-11
-2.86784952833917e-11
6.43145180487673e-11
5.3037692096783e-11
-3.17104587228612e-10
6.55001819752421e-12
1.29069892173158e-10
-8.49223631304534e-11
5.19925785410216e-10
-9.74136123451638e-12
1.67458969520967e-13
-6.4817733858924e-10
2.33382153862191e-10
4.30885293173949e-09
1.36398317088474e-11
1.85944583739104e-14
5.88690331885248e-14
1.24099400249382e-13
5.64613447092404e-13
4.36098806045524e-13
2.75917861085886e-14
8.30260840758169e-12
-3.69660449394087e-12
2.14888253386687e-12
3.02939069519008e-12
-1.37886186214814e-11
-9.00064362509324e-12
8.63962124132822e-12
5.8847941754429e-12
-3.46100879057354e-12
-1.00543574293611e-10
7.80423594488315e-11
8.45595828835879e-12
-3.48946518999529e-12
8.40360203821336e-14
-1.37734432305381e-13
1.53944914558544e-10
-4.58178949328644e-11
-4.46860122987652e-11
2.01196069346017e-13
-6.28217006825013e-15
-8.23694544830299e-13
-9.58314998213967e-15
-2.19722721962326e-12
-1.15508120629947e-13
-5.30806513431992e-13
1.23667209411238e-12
3.09517513055676e-12
1.12291668914034e-11
5.15004405099445e-12
3.40523309904315e-13
-1.00040290492222e-11
2.50952822511702e-11
-7.66135177195239e-12
-7.29999527495707e-13
2.10334489950444e-11
4.22416259283957e-13
-7.9465087477856e-11
-2.50383517369776e-11
1.36398317088475e-11
1.62051538856588e-10
9.43103101980177e-14
-4.8528147734221e-14
3.68272529470793e-15
-3.08758674765519e-13
2.6542600998319e-13
-2.34450139076116e-14
-7.15732566220707e-13
-4.60478761230222e-13
1.26655216098347e-13
-1.35200781514319e-13
4.57422918525702e-12
-1.46489848324911e-12
5.45053677790102e-13
-2.53392794438793e-13
-3.70232895236567e-14
4.81959077963388e-12
3.01300502692185e-12
-1.43300074132407e-12
1.69098798386119e-13
-1.95484473999867e-13
1.74654918669418e-14
-3.65225663795143e-11
8.63000204342242e-12
-3.14826677340747e-12
1.56617033164612e-12
8.71688822484526e-13
4.24041891300734e-15
-4.07204289369055e-15
2.60120524501144e-13
-7.61043724741595e-14
-3.75138008858882e-13
4.23830552075299e-13
-2.26745659459126e-13
-9.86934883461731e-13
-3.88357152686167e-13
2.4270820809281e-13
-1.12561157727247e-14
2.39291378297264e-12
-1.56429549896575e-12
3.08577331556071e-13
6.4863528105465e-13
1.09624146512331e-12
4.65416924670093e-12
1.99631866271446e-12
1.8594458373916e-14
9.43103101980164e-14
8.19939075969075e-12
-2.35606659756333e-14
1.1822512809238e-14
-1.09056046483089e-13
5.13785115304261e-16
7.34756405718868e-14
-5.86633989028435e-14
-1.62061532879208e-13
-2.92421950895336e-14
2.68059290953826e-14
1.2068592114354e-12
1.72487965160238e-14
-9.34752971107836e-14
-2.45436206440074e-14
-7.61133507499055e-15
1.00911074347712e-13
8.49695965619693e-13
6.51615977984635e-14
4.46086147397237e-15
-7.36697203218932e-15
-5.06129536330053e-14
-9.29858856132579e-12
1.18091632624745e-13
2.35737311652709e-13
8.21813604057466e-14
6.3213983610106e-15
-3.50258647011027e-16
4.09775698251743e-16
3.78209759152758e-14
3.76860239065433e-14
-7.42489603298103e-14
3.08890783250487e-16
5.71828745324984e-14
-9.20611188019193e-14
-1.18087515271415e-13
-2.63175860601835e-14
4.22354394846979e-14
5.33844807190261e-13
4.47478023076672e-14
-5.07435318872523e-14
-3.20419154952123e-14
7.46331152576314e-15
1.23748205483517e-13
4.91212484976373e-13
5.8869033187815e-14
-4.85281477342111e-14
-2.35606659756325e-14
7.29603576740724e-13
